MACs: 0.40M
MAE: 0.24718
MAPE: 1.03326
MSE: 0.16248
params: 6.17k
