MACs: 0.95M
MAE: 0.45084
MAPE: 9.12663
MSE: 0.43151
params: 5.79k
