MACs: 0.15M
MAE: 0.92196
MAPE: 2.87745
MSE: 1.75757
params: 10.95k
