MACs: 0.59M
MAE: 0.24522
MAPE: 1.02388
MSE: 0.16203
params: 32.27k
