MACs: 2.15M
MAE: 0.33549
MAPE: 15.50732
MSE: 0.31716
params: 18.32k
