MACs: 0.25M
MAE: 0.38039
MAPE: 1.48648
MSE: 0.34654
params: 3.21k
