MACs: 2.15M
MAE: 0.28483
MAPE: 1.14392
MSE: 0.21876
params: 48.20k
