MACs: 0.20M
MAE: 0.33576
MAPE: 1.36988
MSE: 0.28044
params: 2.65k
