MACs: 1.76M
MAE: 0.33121
MAPE: 1.35474
MSE: 0.27531
params: 39.57k
