MACs: 0.22M
MAE: 0.42111
MAPE: 2.95809
MSE: 0.33996
params: 2.80k
