MACs: 0.60M
MAE: 0.41725
MAPE: 8.91291
MSE: 0.4163
params: 3.73k
