MACs: 1.76M
MAE: 0.33352
MAPE: 2.06492
MSE: 0.28369
params: 39.57k
