MACs: 0.40M
MAE: 0.33772
MAPE: 2.07423
MSE: 0.28906
params: 3.86k
