MACs: 1111.06M
MAE: 0.21584
MAPE: 2.16491
MSE: 0.12475
params: 401.91k
