MACs: 0.32M
MAE: 0.40391
MAPE: 1.67575
MSE: 0.37447
params: 4.11k
