MACs: 8.08M
MAE: 0.41166
MAPE: 2.42651
MSE: 0.41045
params: 119.09k
