MACs: 0.25M
MAE: 0.50227
MAPE: 2.04717
MSE: 0.49981
params: 8.57k
