MACs: 1.36M
MAE: 0.24539
MAPE: 12.43076
MSE: 0.19975
params: 11.59k
