MACs: 4.29M
MAE: 0.3712
MAPE: 1.39584
MSE: 0.34772
params: 163.72k
