MACs: 0.47M
MAE: 0.40786
MAPE: 9.40497
MSE: 0.40062
params: 2.95k
