MACs: 0.60M
MAE: 0.52631
MAPE: 2.14114
MSE: 0.54382
params: 20.19k
