MACs: 1.35M
MAE: 0.38082
MAPE: 2.26723
MSE: 0.35748
params: 28.04k
