MACs: 0.62M
MAE: 0.31901
MAPE: 1.2439
MSE: 0.27051
params: 9.57k
