MACs: 0.48M
MAE: 0.28619
MAPE: 1.14185
MSE: 0.22335
params: 7.51k
