MACs: 0.55M
MAE: 0.51385
MAPE: 2.0754
MSE: 0.52231
params: 18.64k
