MACs: 0.31M
MAE: 0.29478
MAPE: 1.85517
MSE: 0.16003
params: 38.98k
