MACs: 0.70M
MAE: 0.31748
MAPE: 1.23436
MSE: 0.2675
params: 21.60k
