MACs: 0.62M
MAE: 0.38265
MAPE: 2.28326
MSE: 0.36163
params: 5.97k
