MACs: 1.10M
MAE: 0.44994
MAPE: 9.88113
MSE: 0.43047
params: 33.89k
