MACs: 0.30M
MAE: 0.29985
MAPE: 1.89818
MSE: 0.17842
params: 3.49k
