MACs: 1.76M
MAE: 0.33213
MAPE: 1.35558
MSE: 0.27426
params: 39.57k
