MACs: 1.84M
MAE: 0.48953
MAPE: 2.01087
MSE: 0.48017
params: 62.00k
