MACs: 0.06M
MAE: 0.85199
MAPE: 3.18159
MSE: 1.75918
params: 9.35k
