MACs: 0.13M
MAE: 0.9418
MAPE: 2.84976
MSE: 1.95068
params: 18.64k
