MACs: 0.46M
MAE: 0.39861
MAPE: 2.54798
MSE: 0.27453
params: 58.46k
