MACs: 0.87M
MAE: 0.20303
MAPE: 11.64256
MSE: 0.15509
params: 6.28k
