MACs: 0.39M
MAE: 0.38489
MAPE: 9.53987
MSE: 0.36076
params: 2.44k
