MACs: 1.20M
MAE: 0.36137
MAPE: 2.18102
MSE: 0.3239
params: 42.31k
