MACs: 4.29M
MAE: 0.37271
MAPE: 1.39834
MSE: 0.35199
params: 118.61k
