MACs: 0.97M
MAE: 0.41284
MAPE: 2.4443
MSE: 0.41662
params: 9.29k
