MACs: 0.15M
MAE: 0.9303
MAPE: 2.80486
MSE: 1.81988
params: 21.73k
