MACs: 0.97M
MAE: 0.37115
MAPE: 1.38539
MSE: 0.34979
params: 14.95k
