MACs: 0.20M
MAE: 0.20201
MAPE: 1.23317
MSE: 0.08407
params: 2.36k
