MACs: 0.12M
MAE: 1.02694
MAPE: 4.2713
MSE: 2.34632
params: 17.08k
