MACs: 0.46M
MAE: 0.49055
MAPE: 1.94046
MSE: 0.48121
params: 15.54k
