MACs: 1.22M
MAE: 0.20255
MAPE: 9.86678
MSE: 0.15468
params: 10.34k
