MACs: 2.05M
MAE: 0.41007
MAPE: 9.64312
MSE: 0.40244
params: 45.07k
