MACs: 0.50M
MAE: 0.42983
MAPE: 2.0033
MSE: 0.39706
params: 6.41k
