MACs: 0.11M
MAE: 0.8704
MAPE: 3.27296
MSE: 1.85341
params: 15.54k
