MACs: 0.06M
MAE: 0.98122
MAPE: 3.5764
MSE: 2.13374
params: 8.57k
