MACs: 0.14M
MAE: 0.87953
MAPE: 3.08799
MSE: 1.7531
params: 10.18k
