MACs: 1.02M
MAE: 0.3747
MAPE: 1.45795
MSE: 0.34417
params: 17.12k
