MACs: 2.51M
MAE: 0.42232
MAPE: 9.31533
MSE: 0.42333
params: 29.14k
