MACs: 0.21M
MAE: 0.19615
MAPE: 1.22726
MSE: 0.07729
params: 26.00k
