MACs: 0.70M
MAE: 0.31859
MAPE: 1.24455
MSE: 0.26938
params: 18.01k
