MACs: 0.25M
MAE: 0.37606
MAPE: 1.46003
MSE: 0.34375
params: 3.21k
