MACs: 4.29M
MAE: 0.42877
MAPE: 2.00187
MSE: 0.39491
params: 163.72k
