MACs: 1.36M
MAE: 0.24512
MAPE: 13.61854
MSE: 0.19857
params: 11.59k
