MACs: 1.22M
MAE: 0.19977
MAPE: 10.85306
MSE: 0.15218
params: 10.34k
