MACs: 0.20M
MAE: 0.33464
MAPE: 1.35238
MSE: 0.2788
params: 2.65k
