MACs: 0.12M
MAE: 0.87435
MAPE: 3.61046
MSE: 1.89892
params: 8.62k
