MACs: 3.49M
MAE: 0.64676
MAPE: 2.72521
MSE: 0.71567
params: 53.77k
