MACs: 0.50M
MAE: 0.42895
MAPE: 1.99798
MSE: 0.39533
params: 6.41k
