MACs: 0.51M
MAE: 0.39033
MAPE: 9.66347
MSE: 0.36504
params: 22.71k
