MACs: 0.32M
MAE: 0.40447
MAPE: 1.69686
MSE: 0.37236
params: 4.11k
