MACs: 0.14M
MAE: 0.91884
MAPE: 3.09903
MSE: 1.82307
params: 20.19k
