MACs: 4.92M
MAE: 0.40065
MAPE: 1.64108
MSE: 0.37075
params: 43.99k
