MACs: 0.42M
MAE: 0.5964
MAPE: 2.71525
MSE: 0.59301
params: 3.03k
