MACs: 1.58M
MAE: 0.28622
MAPE: 14.06565
MSE: 0.25032
params: 13.39k
