MACs: 0.14M
MAE: 0.94566
MAPE: 2.82166
MSE: 1.94105
params: 20.19k
