MACs: 0.48M
MAE: 0.36223
MAPE: 2.18612
MSE: 0.32731
params: 4.69k
